0.18536
0.1879
0.19043
0.19293
0.19541
0.19785
0.20027
0.20264
0.20496
0.20723
0.20943
0.21156
0.21361
0.21558
0.21746
0.21924
0.22092
0.22249
0.22395
0.2253
0.22651
0.2276
0.22855
0.22937
0.23005
0.23058
0.23097
0.23144
0.2305
0.22835
0.22824
0.22895
0.22982
0.23075
0.23165
0.2325
0.23343
0.2342
0.2345
0.23486
0.23557
0.23573
0.23576
0.23606
0.23583
0.23554
0.23534
0.23478
0.23425
0.23354
0.23259
0.23173
0.23056
0.22924
0.22802
0.22645
0.22483
0.22324
0.22131
0.21946
0.21751
0.2153
0.21323
0.21097
0.20856
0.2063
0.20379
0.20125
0.19881
0.19612
0.19352
0.19092
0.18813
0.1855
0.1828
0.17997
0.17733
0.17456
0.17176
0.16912
0.16634
0.1636
0.16098
0.15822
0.15557
0.15299
0.15029
0.14774
0.14521
0.1426
0.14016
0.1377
0.13519
0.13286
0.1305
0.12811
0.12589
0.12361
0.12135
0.11924
0.11707
0.11493
0.11293
0.11087
0.10886
0.10696
0.10501
0.10312
0.10133
0.099481
0.097708
0.09602
0.094278
0.092614
0.091025
0.089385
0.087677
0.085873
0.085265
0.084205
0.08276
0.081279
0.079773
0.07803
0.07738
0.076666
0.075293
0.074002
0.072747
0.071493
0.070276
0.069087
0.067582
0.066422
0.066014
0.065425
0.064281
0.063217
0.062184
0.061146
0.060144
0.059173
0.058404
0.057374
0.055919
0.054514
0.053795
0.053018
0.051695
0.050297
0.049481
0.048901
0.048901
0.048576
0.047937
0.047845
0.047705
0.047013
0.046927
0.046633
0.046061
0.046098
0.045428
0.04528
0.044906
0.044445
0.044384
0.043683
0.0437
0.043061
0.042791
0.042611
0.041905
0.041922
0.041422
0.040821
0.040886
0.040464
0.039797
0.039477
0.039485
0.039496
0.039497
0.039498
0.0395
0.039502
0.039506
0.039511
0.039517
0.039524
0.039534
0.039545
0.039558
0.039573
0.03959
0.039609
0.039631
0.039655
0.039681
0.03971
0.039742
0.039777
0.039814
0.039855
0.039899
0.039945
0.039995
0.040048
0.040105
0.040165
0.040229
0.040296
0.040367
0.040441
0.04052
0.040602
0.040689
0.040779
0.040874
0.040973
0.041076
0.041184
0.041297
0.041414
0.041535
0.041662
0.041794
0.04193
0.042072
0.042219
0.042371
0.042529
0.042692
0.04286
0.043034
0.043213
0.043398
0.043589
0.043785
0.043987
0.044195
0.044409
0.044628
0.044854
0.045086
0.045324
0.045568
0.045819
0.046076
0.04634
0.046611
0.046889
0.047174
0.047467
0.047767
0.048075
0.048391
0.048715
0.049047
0.049389
0.04974
0.0501
0.050471
0.050851
0.051241
0.051641
0.052051
0.05247
0.0529
0.053341
0.053793
0.054256
0.05473
0.055216
0.055714
0.056223
0.056746
0.05728
0.057828
0.058388
0.058962
0.05955
0.060152
0.060767
0.061398
0.062044
0.062705
0.063382
0.064076
0.064788
0.065517
0.066264
0.067027
0.067808
0.068607
0.069426
0.070265
0.071125
0.072007
0.072911
0.073839
0.07479
0.075765
0.076765
0.077789
0.078839
0.079914
0.081014
0.082141
0.083294
0.084473
0.08568
0.086914
0.088176
0.089468
0.09079
0.092144
0.093532
0.094955
0.096411
0.0979
0.099423
0.10098
0.10258
0.10421
0.10588
0.10759
0.10934
0.11113
0.11295
0.11482
0.11673
0.11868
0.12066
0.12269
0.12475
0.12686
0.129
0.13118
0.13341
0.13568
0.138
0.14036
0.14277
0.14522
0.1477
0.15023
0.1528
0.1554
0.15803
0.1607
0.16339
0.16612
0.16887
0.17164
0.17443
0.17724
0.18006
0.1829
0.18574
0.1886
0.19147
0.19435
0.19723
0.2001
0.20295
