277.13
277.13
277.12
277.12
277.12
277.11
277.11
277.11
277.11
277.1
277.1
277.1
277.1
277.1
277.09
277.09
277.09
277.09
277.09
277.09
277.09
277.09
277.09
277.08
277.08
277.08
277.08
277.08
277.08
277.09
277.09
277.09
277.09
277.09
277.09
277.09
277.1
277.1
277.1
277.1
277.1
277.11
277.11
277.11
277.11
277.12
277.12
277.12
277.13
277.13
277.13
277.14
277.14
277.14
277.15
277.15
277.16
277.16
277.16
277.17
277.17
277.18
277.19
277.19
277.2
277.2
277.21
277.22
277.22
277.23
277.24
277.25
277.25
277.26
277.27
277.28
277.29
277.3
277.31
277.32
277.33
277.34
277.35
277.36
277.38
277.39
277.4
277.42
277.43
277.44
277.46
277.47
277.49
277.5
277.52
277.54
277.55
277.57
277.59
277.61
277.63
277.65
277.67
277.69
277.71
277.73
277.75
277.77
277.8
277.82
277.84
277.87
277.89
277.92
277.95
277.97
278
278.03
278.05
278.07
278.1
278.13
278.16
278.2
278.22
278.24
278.27
278.31
278.34
278.37
278.41
278.44
278.49
278.52
278.54
278.57
278.61
278.64
278.68
278.72
278.76
278.8
278.83
278.88
278.94
279
279.04
279.08
279.14
279.2
279.25
279.29
279.29
279.32
279.37
279.37
279.38
279.44
279.44
279.47
279.51
279.51
279.56
279.57
279.6
279.64
279.64
279.7
279.69
279.74
279.76
279.78
279.83
279.83
279.87
279.92
279.91
279.94
280
280.02
280.02
280.02
280.02
280.02
280.02
280.02
280.02
280.02
280.02
280.02
280.01
280.01
280.01
280.01
280.01
280
280
280
279.99
279.99
279.98
279.98
279.97
279.97
279.96
279.95
279.95
279.94
279.93
279.92
279.91
279.9
279.89
279.88
279.87
279.86
279.85
279.83
279.82
279.81
279.79
279.78
279.76
279.75
279.73
279.71
279.7
279.68
279.66
279.64
279.62
279.6
279.58
279.56
279.54
279.52
279.5
279.48
279.46
279.43
279.41
279.39
279.36
279.34
279.32
279.29
279.27
279.24
279.22
279.19
279.17
279.14
279.12
279.09
279.06
279.04
279.01
278.98
278.96
278.93
278.9
278.87
278.85
278.82
278.79
278.76
278.74
278.71
278.68
278.65
278.63
278.6
278.57
278.54
278.52
278.49
278.46
278.43
278.41
278.38
278.35
278.33
278.3
278.27
278.25
278.22
278.2
278.17
278.15
278.12
278.1
278.07
278.05
278.02
278
277.98
277.95
277.93
277.91
277.88
277.86
277.84
277.82
277.8
277.78
277.76
277.74
277.72
277.7
277.68
277.66
277.64
277.62
277.61
277.59
277.57
277.56
277.54
277.52
277.51
277.49
277.48
277.46
277.45
277.43
277.42
277.41
277.39
277.38
277.37
277.36
277.35
277.33
277.32
277.31
277.3
277.29
277.28
277.27
277.27
277.26
277.25
277.24
277.23
277.22
277.22
277.21
277.2
277.2
277.19
277.18
277.18
277.17
277.17
277.16
277.16
277.15
277.15
277.14
277.14
277.13
277.13
277.12
277.12
277.12
277.11
